((("LG1" .
   [1 0 0])
  ("UG1" .
   [1 0 0])
  ("verilog-mode" .
   [1 0 0 0 0 0 0 0 0 0 0 0])
  ("CLK" .
   [2 0 0])
  ("RST" .
   [2 0 0])
  ("else" .
   [0 0 0 1])
  ("q_w" .
   [2 0 0])
  ("qn_w" .
   [2 0 0 0])
  ("QN" .
   [2 0])
  ("slave_addr" .
   [1 0 0 0 0 0 0 0 0 0])
  ("aa_spi_write" .
   [0 0 0 0 0 0 1 0 0 0 0 0])
  ("d" .
   [2])
  ("arra" .
   [3 0 0 0])
  ("u08" .
   [1 0 0])
  ("din" .
   [2 0 0])
  ("array_u08" .
   [1 0 0 0 0 0 0 0 0])
  ("din_array" .
   [3 0 0 0 0 0 0 0 0])
  ("handle" .
   [6 0 0 0 0 0])
  ("aa_spi_configure" .
   [0 0 0 0 0 0 0 0 0 0 1 0 0 0 0 0])
  ("AA_SPI_BITORDER_MSB" .
   [0 0 0 0 0 0 0 0 0 0 1 0 0 0 0 0 0 0 0])
  ("WriteDP835Reg" .
   [1 0 0 0 0 0 0 0 0 0 0 0 0])
  ("page" .
   [3 0 0 0])
  ("aa_spi_bitrate" .
   [1 0 0 0 0 0 0 0 0 0 0 0 0 0])
  ("bitrate" .
   [1 0 0 0 0 0 0])
  ("offset" .
   [1 0 0 0 0 0])
  ("prin" .
   [2 0 0 0])
  ("val" .
   [1 0 0])
  ("umount" .
   [1 0 0 0 0 0])
  ("mso" .
   [3 0 0])
  ("query" .
   [2 0 0 0 0])
  ("b" .
   [1])
  ("busy" .
   [1 0 0 0])
  ("c" .
   [1])
  ("disconnect" .
   [1 0 0 0 0 0 0 0 0 0])))
